cars-2 745 825 404 630
cars-2 113 114 15 312
cars-3 934 1016 129 357
Road 47 1918 518 958
Sidewalk 1449 1916 526 834
Sidewalk 59 578 545 795
Building 1430 1537 435 581
Building 46 171 278 437
Building 455 607 149 284
Building 1808 1918 114 263
Building 1647 1752 68 259
Building 461 799 1 126
Building 124 295 1 66
Wall 173 327 460 653
Wall 470 520 330 465
Wall 606 643 62 251
Wall 746 862 48 290
Wall 1189 1251 0 168
Wall 1379 1917 0 666
Fence 39 118 244 451
Vegetation 214 259 533 686
Vegetation 962 983 17 176
Vegetation 1731 1811 0 293
Vegetation 1522 1644 1 232
Vegetation 333 541 0 231
Terrain 1678 1832 650 723
Terrain 1193 1382 604 675
Terrain 602 787 578 650
Sky 1017 1112 0 154
Sky 784 995 0 128
Person 1823 1859 508 730
Person 223 298 102 325
Person 89 740 56 792
Person 1166 1518 0 660
Rider 1687 1780 559 692
Rider 354 426 485 626
Bus 59 218 22 107
Train 266 451 89 528
Motorcycle 239 448 596 686
Motorcycle 239 448 596 686
